8805
5714
8476
6323
4292
4932
8600
4267
7028
9722
5928
8723
3886
6708
2749
5856
8959
597
3791
640
5617
4173
6209
472
7611
7786
1344
8083
1667
8157
4142
172
1606
7904
5014
4594
8078
4413
9085
4963
2548
1618
4052
3263
2069
9584
3861
4099
5840
9306
359
8771
9996
105
8884
8979
9733
7047
559
9136
5620
7326
1594
7758
8809
9960
2968
6700
9166
8372
8379
442
4011
1755
5167
3970
3298
2262
320
2112
4083
2213
7525
3586
7320
2867
633
6180
7018
6120
572
7477
5018
816
9540
8664
7358
9082
6844
7186
7044
4183
4535
2070
1611
9578
9811
6415
1696
7711
791
3852
7148
1846
8841
9159
2678
1832
9235
5441
1830
6405
8012
1816
2330
9700
2896
4110
2525
5602
1459
4768
2716
8298
4034
674
3074
9901
6269
5469
7316
3141
9256
1164
1562
8102
6257
5327
1744
8795
8447
531
7557
3823
891
2568
1452
6554
2666
4788
213
4321
2424
1484
1203
6834
3920
4572
5597
2650
5578
3077
8465
3602
355
9109
1347
4285
7454
2628
5956
1921
1000
7982
2003
2720
9391
1886
3215
3415
1292
7608
8238
6259
2984
7719
1640
9035
3373
9459
4847
5730
9745
8617
2194
3450
3039
8651
9819
6711
9783
8912
4108
3937
5207
2848
8443
9764
7317
6135
5313
4635
3982
5095
5291
3655
242
5896
583
7520
9557
4416
6347
8451
9652
9822
4815
4735
4900
380
282
392
4182
2382
6161
7639
1838
2277
6307
5732
8725
7257
9169
2798
3616
3871
6972
8897
7379
5000
765
8385
1028
576
5607
5676
5557
5299
1903
2893
2435
9073
5472
8182
2448
70
6474
3901
3294
4509
8677
1848
5190
8015
152
3650
1103
4559
7430
2761
179
2462
4515
9496
326
8349
9729
5297
6535
189
4278
1364
1497
4350
5741
5561
548
7626
3625
9514
2317
7406
4670
4531
3182
6607
9251
8717
5889
6273
2415
4341
3874
281
215
565
7657
1800
2948
4585
7490
4988
889
3026
4289
9178
3410
126
3424
9012
5425
9016
7251
3405
2278
8266
9499
8432
9386
3579
8962
821
2031
57
9278
8049
7055
8338
8173
4162
8632
679
895
9415
7902
7455
7521
5718
2908
6756
6904
5253
9957
5829
4950
1115
7389
7543
817
5813
9182
3364
5796
6325
5355
5200
467
6353
9576
3252
9784
204
8189
1101
3804
7243
2413
7058
5191
3759
4697
8098
7655
2577
4429
9684
3017
4775
2150
9913
3732
9112
1316
1326
3128
2560
4628
3902
9587
394
6555
6885
1931
8644
6267
9563
4584
4892
1593
4807
9984
352
5259
5988
331
1955
699
1473
5547
2523
3913
3662
9167
4171
719
1060
4543
9876
9777
9786
8737
899
4490
1353
8789
6842
3448
1305
709
3581
6253
276
1628
7287
9682
5666
8673
1890
499
6483
5783
4602
3809
5639
2672
6839
2642
4287
2082
747
7094
8638
50
3108
7399
5771
4955
8307
1159
8825
4660
6081
6264
4828
9377
1609
622
4642
3462
9325
4474
1854
4976
396
7997
3948
3214
6812
6791
2400
3047
7814
2233
6175
4737
8014
7415
9832
9665
2369
5600
946
799
4819
2045
7705
4836
8571
6295
8321
1812
4702
1968
6195
6202
6993
7425
6010
2333
8603
9693
2289
5681
1517
5181
5990
3307
7000
7080
6441
6843
7753
3172
7580
5119
5757
8823
2737
3619
2057
8920
3052
2975
5347
2387
9097
6348
2146
6905
9778
7111
3547
9448
2750
291
7516
2956
9730
2133
1051
9533
4623
6368
3835
5279
3483
3506
1774
248
5329
3412
5063
5749
3429
2643
6788
3043
5288
6305
4630
6079
8833
2215
4757
7173
3129
7254
1943
4904
5250
9019
9446
3063
3233
7494
1938
6060
8301
4417
3117
8468
5922
4201
9387
6422
7634
9295
5131
2712
3290
9772
2422
2300
9339
3365
5081
2444
9912
3216
1671
2200
5272
8435
4553
8982
1602
9909
269
5635
6724
4530
8839
8148
1530
8526
6604
2648
3325
1013
6401
461
648
231
2526
992
7625
3446
1634
9025
8055
5690
1338
7176
94
9302
8534
8566
7695
6250
5320
1194
449
4854
7993
278
7736
1024
6126
6612
4611
4821
4851
5066
2911
2811
8371
1533
3362
4305
5603
1216
3386
390
9110
6280
1803
8429
6068
7896
8376
6686
9160
9851
2939
5419
833
9713
800
3743
874
2649
6692
9629
2481
1018
3229
2322
5401
9565
4938
1865
9338
2731
7101
2732
2692
4433
7986
6284
6501
530
4196
9716
4024
4664
3130
883
853
7821
8814
3968
7342
2072
4978
6030
69
6360
3708
6546
5431
1582
5817
4734
5017
7687
7339
4338
2030
9281
6133
3847
1358
5995
1769
5619
6746
2744
7470
8302
767
4
2143
6016
7113
3740
8766
4447
7077
1170
4556
8763
3876
6289
3780
7363
2196
2514
5261
4021
3452
931
9599
7851
3729
6620
3597
3917
7073
1961
3433
8315
911
3582
301
8827
9194
2588
2466
2336
7359
9613
9989
9668
4154
3227
3348
416
2354
6302
7235
3167
9015
4268
9759
4119
3610
3425
3292
7635
7010
7700
6945
104
9885
5251
8729
201
5565
20
8865
6666
1620
2835
2736
4488
5172
9882
347
2697
5615
2800
7577
1233
4263
3368
1988
8325
7662
7708
9743
7991
8635
4254
6047
2134
1798
1094
6860
6122
9765
3820
1360
3601
7441
4204
6121
611
5560
2495
4884
9603
6300
7184
6306
4655
9643
4118
1820
3863
3030
6828
2575
2409
8685
369
2759
7594
6549
8139
3018
257
1074
4414
3941
3472
7065
1480
5420
5127
7286
6376
4618
9967
207
9497
7217
6603
2503
7840
8597
3652
7119
5651
3757
8873
6766
5773
7131
5108
6046
2570
7102
1841
6457
762
3320
277
8071
533
8208
9026
1023
846
2299
9781
6171
5228
7803
446
4698
45
9710
3993
5195
8261
9758
6943
2245
7583
9009
2701
5371
749
2184
5756
1811
437
675
8951
5169
379
1308
2145
3435
1920
9406
2668
2755
571
7404
4012
8903
418
5993
7857
9184
541
8875
2816
7661
9090
3926
8075
8551
12
2585
7370
3936
4072
9990
6598
4771
9622
5965
7137
6789
8810
8645
7833
4650
9442
3027
1238
4212
4680
1725
632
8023
5927
1037
8908
2976
4813
5443
2042
2463
2441
6931
6731
5006
9007
1859
8354
3496
757
601
360
3487
6884
3217
2140
4379
5383
77
8031
5738
9020
4369
5486
8705
5187
1720
220
93
8708
7187
2602
9962
2952
1738
2937
7252
5010
3951
5317
4767
1286
140
5982
1952
1415
4806
1685
9297
6737
784
1676
5824
8172
5888
21
5624
8984
1569
1653
8115
618
9645
9869
5697
1829
564
2281
3698
9145
4687
5038
5736
6288
7355
6437
2885
508
2944
1690
7865
5563
5490
987
4738
8180
7365
5844
6440
8426
9468
7760
7221
981
2291
1590
5860
9340
6344
1483
468
9475
6309
1713
7315
5078
156
5491
663
7274
7532
794
222
7017
4464
9903
1246
2535
3318
2801
2679
1401
8996
7785
3437
8058
1745
1983
8605
2764
4479
835
3257
8762
3617
9451
9052
3441
3279
2488
6351
8625
1827
68
6587
5871
2251
5170
319
3113
9231
3645
6453
7095
9105
5914
8702
792
5859
6317
2743
3181
848
4696
798
9812
8747
3327
626
3875
2738
7476
7083
930
6975
2601
4397
1009
8624
8004
8791
3254
7763
1780
48
8314
5043
7807
3880
5176
6592
5269
8693
7784
4920
1365
2032
2221
7534
1719
1197
2641
1842
9342
4242
5432
2653
8455
4329
6645
7330
5333
1683
5841
7181
9154
2857
6899
1512
4395
9125
5479
2851
4998
3463
3531
9067
849
4412
6795
376
8721
6633
4864
7007
7727
9227
4849
2000
2814
2599
7822
7155
6335
830
5781
598
8350
3188
3986
690
4089
5716
1978
752
659
3489
7015
6230
9823
5150
1426
463
1157
4729
1767
5935
2891
3731
2037
9196
4761
8218
8149
7150
1692
2616
6176
4236
8570
3646
6119
9119
8052
7673
2988
2774
5498
7215
4522
5378
3969
1263
7418
9870
4877
8925
7804
7964
8254
7486
6872
6981
6361
348
5553
8485
6486
2907
3998
6707
9066
8830
3659
8125
6364
8331
4964
7139
8916
6033
9437
6146
7016
8579
412
2941
9211
5316
7318
1544
6077
5909
373
6688
265
6373
2320
2219
9051
929
388
223
961
2727
2121
1370
18
173
8556
4359
2019
8378
9296
9473
9275
914
1969
3971
3031
5979
3312
2453
5728
9779
2489
2028
7048
6157
3341
6668
5539
9512
9579
150
5262
5357
4550
2725
4473
9592
14
666
838
5463
1651
612
1139
5901
372
7718
6938
4566
2261
539
5274
3806
743
5536
8179
1008
2765
3559
9608
4732
5186
2017
2220
2566
3934
5437
7312
2383
5659
6531
2828
1752
3177
7975
304
4202
723
7216
6936
6648
6582
8957
1766
9205
8021
8484
5445
7147
219
8715
4549
6314
9999
6561
4004
2348
3150
5511
5039
8602
475
4591
309
1342
5363
6900
4148
6101
6519
4208
118
2903
3972
782
5941
3618
2654
2652
9121
6892
972
6671
1912
8913
7590
9806
7366
5549
9394
6823
4451
1760
8628
2636
3553
4257
6254
1119
5626
5758
8989
1265
4899
5230
5335
5359
8063
4508
5583
4243
6615
6542
5201
1469
9529
180
790
2945
993
8312
3573
8634
4094
7
2919
6870
1380
6559
3654
5255
9515
8033
9467
6233
9639
2597
1394
9573
815
6968
5962
2393
9873
9341
3544
7198
5183
3304
979
6339
8528
3333
9358
3000
7313
660
1905
5520
7250
3651
128
3337
9489
8291
850
5828
2372
466
7321
9836
3297
2686
3036
3480
3048
5775
2875
1416
2225
3476
3822
1791
4266
2081
9146
3091
4627
5161
8405
5424
2087
4700
7647
4288
4719
5569
3580
7297
4667
6159
398
9478
3189
2818
4457
8283
3966
1160
2618
6310
2066
2528
7717
2266
4209
7351
2521
8502
9491
8391
144
73
3310
4745
7411
3611
1793
6980
1374
9927
7642
4634
1977
8065
7295
4385
9588
3674
8665
1623
6628
4731
5229
2797
1895
8659
1030
1239
3469
225
7052
7143
2067
2276
136
1731
7731
7893
6005
6100
6798
7567
5343
4842
7511
3356
1324
8170
5653
5707
1711
3987
3146
1010
5212
6813
5090
7541
9132
1924
2954
718
8274
216
6166
2947
9954
4345
8029
4644
2836
772
9474
8358
5711
6153
1686
3301
6480
2924
1230
2292
7669
1255
76
2746
482
6292
8056
9101
9083
1616
2478
7192
3029
8434
5199
8987
2545
3102
1746
3249
9429
3253
6054
9239
406
8941
1873
1995
8787
3399
8999
3354
7601
2723
9951
197
6747
1442
7472
4344
2467
7082
8564
1914
8907
6578
4009
5032
6365
6194
1218
9551
164
3338
8886
8462
4163
4449
2914
692
91
9582
4589
7466
8210
832
3511
6220
7569
3855
7646
4646
8270
2876
1817
5009
7161
2362
7024
2530
6873
1042
7376
191
4219
2254
9995
4823
9789
6106
9524
6111
3691
3681
1368
2446
8311
6318
117
9813
5661
5704
4127
9047
8100
5052
6841
1124
4192
8037
7694
7152
6490
3848
6207
3033
4984
6498
6170
254
3980
8973
7869
2882
797
9108
5118
5851
9767
5580
4640
5143
5487
4770
7446
5630
2711
3156
6895
4885
6096
2756
4079
516
3750
8606
1038
1455
2802
5213
6181
4573
7265
5552
1291
4080
6583
8790
607
7917
7407
8588
1531
646
1482
8109
5471
9964
5034
3418
1991
2054
6540
6868
843
5754
5276
2504
3049
1211
3432
7946
9934
6991
9535
6065
4406
1363
6198
7759
4184
7762
9463
6710
812
6614
3126
1143
139
6109
2097
2513
9436
4042
6479
7951
944
1741
970
7526
1740
5173
2423
1451
159
5853
7158
3493
2551
8035
5924
200
9077
584
695
6053
4190
5241
3879
2389
5155
4311
3352
4317
1178
3561
7789
698
7768
9170
6683
1377
6459
4355
1340
2970
4500
4261
1527
3484
365
2405
6390
4339
7898
3859
6888
8914
3224
377
1054
9131
5953
448
4436
7537
8906
7329
702
9942
160
2418
7195
6192
8373
2572
789
6898
6214
4944
1075
3721
8491
1366
708
4231
9896
2222
2561
423
8904
7926
9409
4348
7420
2091
1747
8
1307
4284
704
5518
3629
3669
8236
6050
9334
414
3572
7773
5304
1461
5224
9591
9238
6654
2416
4800
3225
9123
7617
4388
7100
6635
4883
2205
6665
1743
5067
8511
8095
6386
5314
8593
5987
6226
7620
9274
3041
4291
3269
8878
711
3202
9397
9053
1398
9770
4365
9581
9513
6163
3981
1989
327
8974
9797
7881
6212
9736
9902
7683
4927
1782
2335
1883
1158
2190
2265
469
5674
3331
1224
2552
3438
7554
507
5963
3464
5059
3921
3299
4093
3447
8153
2135
1002
7512
811
3744
7496
8067
6496
9490
1498
5980
40
3094
2806
3687
4865
4749
1414
2116
2483
2871
2314
962
2794
5360
6369
1116
3742
1441
7714
6674
2385
1939
5112
6882
275
6998
7948
4562
4805
1552
2290
3440
2842
610
4164
6574
8006
3032
1708
8147
4225
4880
8533
7952
7573
5949
1186
6588
8734
3465
5374
8700
307
1672
6891
512
8813
783
333
4111
725
9548
9583
8699
6229
9399
7166
753
8002
4393
3099
9723
8239
470
6833
5042
3539
6260
7070
7956
6251
82
1984
2728
2445
2141
8046
8713
7177
639
4872
2256
3222
3765
780
9950
5986
1561
7722
5192
8866
2792
7542
9702
1906
5048
4035
5699
7276
2532
3925
1840
5056
8209
9685
7310
9114
4403
8757
4514
4613
7346
3490
5996
4147
6504
2547
6914
9662
66
1402
7859
5423
6689
3161
155
3737
638
2491
6752
7555
9963
5092
2830
760
770
9382
8709
2795
2852
6118
1870
2080
6750
4763
3230
7224
8286
4174
4516
950
71
6667
2920
6246
7973
4213
4373
1801
289
7012
2740
6028
642
8251
1572
1607
8947
1175
1392
6416
1579
3899
7846
3140
5069
7432
2581
3670
4525
1673
5682
7894
5016
4578
8519
4840
8306
6652
1146
6378
1535
4996
6942
9532
1080
5746
4465
5647
4199
177
5571
1971
120
1043
1180
2102
5257
9493
8178
1936
6021
9404
1894
3860
3505
6093
9365
4367
454
6729
6492
2035
6653
988
5020
2142
3769
111
8844
5747
2865
3323
3758
2274
1339
6682
7847
1253
1222
7716
8730
4956
6098
6947
1192
6827
6495
554
3057
9976
6336
492
2664
4921
9452
9222
3837
4294
1819
3722
7602
7842
2609
4223
9734
4785
7932
5402
2991
1563
9982
3866
2925
9068
2180
3526
8339
6721
4265
8421
8402
3631
535
973
1476
9947
599
8333
5899
2863
9744
6926
3958
6597
1093
5495
8976
3355
7220
3324
9590
4712
3716
801
8855
810
868
3457
6821
8616
6797
4901
2041
4961
4814
2757
3345
6650
8363
7473
3566
6730
609
5558
7713
8255
2576
4281
4361
5556
5650
2705
2981
7605
8523
3392
6662
7854
1624
5064
7515
4863
4039
7345
5215
969
7045
7742
5636
9203
8203
7524
1171
6526
9070
6941
1689
5760
1878
1957
7596
9314
3928
395
9163
3622
7566
7006
5584
513
7383
337
6806
1926
5726
8381
6838
3720
8146
9776
1681
9687
4776
9946
2306
9689
2403
1668
9237
2426
7422
9883
6533
2004
5433
7076
786
7779
9738
9236
1718
3799
4143
2172
614
3923
214
2050
4798
4478
33
3793
1796
4396
8655
3003
7445
9809
9367
5525
7479
4440
6528
4246
1765
6136
8231
1523
2624
4540
8585
9060
5334
1638
1742
9953
8488
822
1065
4758
877
9457
4529
2603
4503
237
8461
9185
5585
7129
8380
820
3228
2209
6512
5768
6719
1217
1128
491
4492
7136
8131
726
351
1196
2345
6055
9291
5680
5798
8613
6982
5713
671
460
5292
7196
226
4401
8028
8899
7382
8068
141
9373
5952
7171
368
7790
5151
9383
6234
9366
1041
455
954
5616
8711
8876
1558
5998
9696
7270
6586
5576
6649
3598
5139
4005
4673
3078
3461
5163
8930
965
7539
7908
645
3218
5321
3583
7153
3250
6712
1749
5696
5325
871
3865
426
2367
9466
7089
3124
8520
9906
1768
7468
7872
2060
1078
7591
393
5473
4427
2934
7004
9092
3153
7084
2696
9158
9611
617
1694
5158
8018
9140
9192
2640
5301
4101
7652
5587
2397
2390
1172
1715
1083
2384
3977
2048
5605
8732
3321
4356
9492
8786
8281
7130
538
2451
9116
9987
3302
7497
7800
6520
5505
6506
1336
4107
1270
4912
8775
7301
1378
8342
2822
9384
1964
1626
8515
2927
7022
9287
5277
1185
8124
218
4274
9541
2788
9555
1131
4224
9805
1625
6923
9641
1020
7504
1833
4438
5852
1548
3024
2402
9258
5836
3244
2033
7493
6537
2931
7213
8584
9241
1680
1319
7969
8277
529
4426
7989
6189
8422
8637
9267
1778
3404
4234
9768
2094
7269
7726
6964
7971
8675
9918
1269
7637
2429
8555
7319
1375
9075
6394
2259
6725
6463
1259
3494
7495
6023
4718
6805
5933
6951
7394
9660
3058
4952
3949
5300
1332
5303
6011
199
6697
9393
7353
2933
2993
966
6902
167
8735
2996
7403
2459
6973
8739
1327
3339
547
668
8667
5393
5671
3442
9179
5102
4707
9453
635
1359
4826
5449
4606
2052
5226
1206
8514
224
4327
9428
9923
2053
8574
5168
5149
6094
4185
2784
4992
6679
4692
1086
2461
5582
9638
5934
7887
1545
9703
8580
9413
2994
295
407
8799
4043
6803
9378
441
7819
7284
9888
3868
5399
3763
5214
7191
1240
6670
9626
9250
5395
7230
9720
4010
5727
9392
8265
7550
2558
7720
8080
7331
1826
9637
5348
2888
4362
4186
6424
6867
3022
573
7686
903
5204
1423
5992
8340
5881
4085
4874
3219
6761
1792
5222
2718
6930
1397
3482
4250
5633
7593
681
6808
4569
6946
1135
9593
9708
2872
5271
1167
6443
1113
3945
1775
5961
6781
9839
3008
8501
9054
9210
2902
881
7104
7836
7307
7562
2590
6772
5077
8954
8672
5915
7645
710
2621
8335
103
1654
7041
3518
5197
8845
9150
6029
2782
2918
7264
7679
8249
4169
4179
3409
1503
2553
3313
6265
6262
8144
604
1707
9569
6244
303
4352
2074
3954
3760
5687
4002
3792
2479
9814
7618
6985
7882
101
4909
3267
9425
100
5165
4187
4671
6664
7960
209
3387
7627
1554
7261
4248
2288
9309
5960
9168
9368
7924
170
8195
5310
9018
5037
9481
5848
6375
2040
7723
5057
9625
6177
8113
8582
8742
7097
8193
9828
2179
4567
5293
2987
4128
2350
9855
1727
2780
1993
5021
3904
1421
98
2252
1866
3795
947
603
5997
8081
5942
8998
4582
8092
2767
8817
2715
6556
4095
5281
5972
2421
3984
3384
1596
2584
8413
4882
2323
5977
8423
7040
3037
5809
9798
7435
9164
2635
8308
4297
3997
8264
9871
6661
6142
6759
526
1882
6349
6032
1120
4925
9351
9881
1822
8284
7771
8936
5205
2607
1373
7947
9286
6762
4867
6466
7905
3271
3491
9506
5570
3992
8074
3474
9044
8048
3915
5141
1847
4648
3346
2980
7895
3079
4636
3944
3434
1522
890
4544
3287
750
7146
9907
1161
7296
4980
8563
4551
4552
5640
4378
7060
4472
6523
8496
83
5807
4797
7123
3256
7085
9144
9310
2334
9261
8614
5878
7167
3957
2762
2089
4152
6796
3587
5086
8656
3380
3522
3585
3612
5142
6452
7913
6043
5628
3350
6158
6238
3895
3565
4641
5481
3632
81
9852
2724
2151
6039
5023
1589
1814
7914
634
1300
10
918
7160
2192
6511
6567
7970
3070
5542
1600
4762
2002
6114
1321
6963
3568
2748
2038
8453
31
4092
7115
519
7678
5001
6817
4136
8581
6918
3428
7241
1475
5885
7921
4206
3470
9290
1536
3481
2208
1026
2772
9165
807
6156
9735
6322
3185
8416
7374
2199
3045
524
713
4410
9929
7782
5590
9799
3963
7837
7704
4986
2465
2447
7509
1575
922
744
804
7178
844
5794
2195
2153
1275
5015
6377
2901
5667
9058
1650
7027
1797
6266
6768
3340
2144
6478
4532
5244
4308
1657
2357
5004
4990
1076
1099
7306
5388
6332
7247
1729
7463
8221
3536
4953
7029
893
4441
4891
1834
7733
939
7373
4044
8458
7391
397
5375
7613
7888
6831
8424
8911
8313
5308
5365
9808
6147
9450
8199
6190
1687
957
6471
8692
8483
7880
2270
3609
8719
3774
2077
701
1077
6392
2480
9697
2974
1699
5849
371
9006
6409
2364
8246
3592
9649
9917
8990
7860
1748
370
7175
2371
593
4913
839
7380
2595
235
6988
7125
4306
7266
5830
5839
4086
5024
2211
4151
7099
3785
8446
8357
8241
1875
2
1464
3656
1888
4940
1504
4753
4421
9936
23
8970
9483
7239
7570
4607
3817
3546
6414
5832
9405
9829
8082
7671
3210
2168
7482
5846
2689
2286
192
9715
2693
3540
346
459
3808
7968
5109
2410
86
4678
8404
9106
9401
9091
6706
7324
3073
8854
5099
2634
7103
5691
9601
5652
4505
6978
158
933
5133
4933
1641
4850
3456
2138
4411
1280
827
3282
58
730
4911
2167
1913
6987
9307
2647
5035
7750
4816
1821
7393
438
5526
2312
9991
9602
7043
2760
8382
6208
7940
8154
1001
1410
669
486
6953
3342
3479
6423
1254
1612
1189
3711
6040
7780
4273
3422
3467
4437
3475
6815
8066
8355
6702
8832
3638
1592
7185
4647
6186
4483
6865
2502
2100
7011
2269
5902
1144
6669
8470
5225
2763
974
6547
905
8562
8273
5831
3689
3872
7706
1682
5782
9804
7938
6056
5994
9402
6903
1107
5581
8105
9040
3885
1117
2303
4228
1922
641
568
1510
3779
1642
9664
1858
5761
145
5670
5071
3667
90
9931
5075
146
6646
8230
8754
171
2283
411
5789
305
9801
2438
1585
9666
1219
1036
8394
6355
5377
4669
1813
1583
2120
5312
1295
4487
6074
1393
8931
1501
8935
1193
5184
3510
2708
5937
9423
5609
9419
7417
3046
7299
318
6525
7576
8883
6241
8569
9326
2858
3375
9746
7225
5386
2810
8225
8676
1236
1274
5745
4475
5826
3205
5111
8479
7574
3800
2644
8017
4240
4418
6247
6149
8156
926
3535
8073
4293
3515
3856
5951
6095
7300
5368
7699
3372
4908
6584
4565
9657
5658
8926
6723
229
6268
5132
9810
5089
6617
341
2663
2302
5120
8411
102
1386
8263
959
6448
7689
6577
3358
4902
5417
4060
2126
712
3965
5007
7892
7615
5938
4954
4769
631
7603
4115
7461
9574
1619
1021
7419
5701
3521
1004
8134
6123
9544
1361
1472
5381
3686
2137
5524
3696
5686
3537
4835
7992
1213
6140
2829
586
9190
6462
5683
4038
6571
1
7311
4656
1047
689
6066
8718
3221
9527
6728
510
2673
7258
6154
1880
567
8601
9134
9707
514
6173
6933
6969
7823
795
1856
335
8183
3919
1460
9893
7438
4946
8785
8595
2556
5510
4064
5955
1379
563
8703
6078
7928
6141
8256
3163
602
5968
3213
2203
6031
5354
8780
9834
6428
2707
1772
9757
5568
2529
818
7801
8643
5124
3266
1757
4827
6997
6639
9271
7629
6640
9332
168
8107
7283
8403
9796
3832
36
9580
7774
3672
2104
4337
1831
8204
8657
861
5387
1005
6131
8369
4985
1556
4649
1100
431
6137
9633
7013
3064
3084
3121
6500
7746
4818
3127
9177
2152
8661
7288
4444
655
11
4031
5800
4588
1354
8412
7025
3319
2979
7870
9597
6236
5762
5138
3746
2285
8481
6395
7140
2815
9064
522
2637
4428
7395
9431
7034
8894
826
7654
6009
5512
5346
5540
860
5774
3389
6570
2117
6621
2612
9833
9013
5049
6067
2484
8682
7163
2594
619
56
2365
7906
8072
8282
5216
1429
4358
1928
9952
5406
4977
6399
2632
4783
6211
298
8550
2218
9558
8618
494
488
4497
5389
7505
6200
9370
297
2889
1425
2826
4453
5779
8902
5669
7756
6585
8290
5208
7347
5177
6624
6922
400
8138
3098
8234
560
2051
5084
685
9321
2110
7766
3935
7001
6380
8647
6869
1221
4622
2309
474
2497
3001
5031
7503
1574
2667
8464
851
493
2388
3803
3065
4795
8891
4377
4030
9920
9335
1608
6593
7263
7402
5100
6024
7053
9731
7064
3303
7271
3300
5448
5382
7465
495
7805
2804
2807
124
2694
7487
7159
263
1709
6802
5412
8200
9465
2864
374
9127
1125
3767
7923
2295
7696
6447
920
7796
5665
3455
1881
7592
4435
3649
8549
8748
842
3278
1471
3234
916
6880
4498
1658
2884
865
6191
4741
3524
9790
9988
3326
80
1225
7972
7582
5146
651
447
3507
1835
9857
4222
7680
2227
9470
403
2267
4914
2272
7397
3668
8928
1448
8946
1972
8168
6362
1773
1072
4462
2878
6320
4054
3142
1891
2356
5247
5044
8267
5083
5408
2223
2253
4073
6909
3055
1526
5544
7031
1396
7303
6696
7831
3054
3199
3644
3775
2617
3451
9699
7802
4790
5577
3513
4259
8202
4425
8401
819
2997
2880
4782
9862
6087
536
250
9762
734
8932
595
5765
5872
6283
1330
4149
4875
1412
1637
2892
4959
5641
5702
3040
806
761
6315
3704
504
6673
2240
8084
7408
3006
5326
3794
6733
9155
6767
1249
2293
9600
4917
8034
9395
3850
6488
683
7212
5396
9924
5599
2995
2854
7003
5926
5541
3183
6224
1220
9543
6316
3083
6726
8756
3719
4461
436
1815
9122
7676
6539
7409
6025
8610
5698
4430
9280
9908
7995
3007
3426
3599
7412
9349
8120
3184
3825
3829
5046
9958
4555
1348
694
8803
1887
7961
3773
9503
2399
3100
2047
8649
9647
8141
569
2063
8430
1900
3588
528
2950
6279
6703
5421
4193
7931
6956
7381
6957
9173
3445
8712
2534
1874
3657
9635
8889
552
6990
4781
4871
1162
4519
4951
1508
99
7277
5045
4237
6429
9972
2536
2971
1385
1794
4868
5033
4304
600
1155
6372
8449
5328
6705
3777
4104
6165
4347
116
285
7664
5242
4455
3359
5103
2122
1081
4245
5267
7628
8297
5475
462
6223
4786
6174
279
3702
7974
1262
7953
8478
4189
5545
7285
1449
311
3710
2704
6954
720
7988
1390
1177
7710
6444
489
8272
8758
8334
8560
5358
5834
703
4065
1318
1997
8691
5456
2020
154
3726
7362
2352
4651
8036
1942
8227
7484
5502
5268
1855
4608
4076
8128
5695
3201
8480
5516
6799
1228
6049
705
8527
6655
1151
788
9200
8374
6312
9969
3060
85
5480
605
1190
7930
7349
8444
7732
8695
2583
205
3679
1524
910
596
1788
9670
9674
6020
1376
9432
5709
1647
8440
8714
7937
9219
166
1753
2591
6204
5193
9968
1941
8042
6073
1466
1296
580
9508
7238
8760
2398
9847
2177
2349
7607
9312
5307
4013
644
2328
5918
4571
8000
1404
4939
6996
6732
9751
9320
9133
6786
389
3574
8620
1932
419
8235
8568
3812
5559
1872
2260
6883
2766
1201
4949
4747
115
5094
5900
5657
9680
1283
8885
986
4053
7658
834
6915
2115
5178
1382
1950
6439
9821
4309
7114
774
3206
7457
5211
2242
1223
8594
6687
6370
8198
906
4918
8633
4298
363
4014
19
4766
8890
2662
6543
2055
267
2064
2773
280
4022
6130
682
9126
4422
6205
647
169
8892
97
4006
9487
9476
1256
7309
2228
4658
1205
9204
1443
8370
5196
6657
2036
2771
110
2943
5332
4051
2159
7413
2216
5976
133
9197
1323
4577
2657
7227
8807
756
4333
5409
1389
8094
1031
8840
3818
3286
7291
3630
7571
241
2540
7739
6252
4353
7864
1666
7109
6779
887
5969
6350
2326
9031
2396
7272
1967
9371
3420
8958
5804
1960
3552
6641
553
6371
6758
9938
7179
6627
9594
8668
5739
7424
3089
7009
8896
3964
4703
2519
7820
6193
1433
7604
6116
1759
6919
6199
3555
5061
315
5349
1152
1664
1571
7294
7364
4558
8495
7818
3258
3538
6792
7729
3959
2972
8348
6425
6680
3533
7260
3454
4150
5367
2626
1884
7565
4605
909
5278
9502
4420
1431
5847
4075
643
9247
9727
9293
2338
8733
9242
4238
7954
3466
7507
9008
2787
1869
3015
7268
3123
8166
6638
1166
1129
25
3288
9216
6299
1540
1790
5801
9315
3724
2183
92
6184
8838
8943
8163
9711
6836
7824
3232
6616
7228
1646
628
3388
7560
1134
3707
6794
6952
339
7955
4188
809
9374
714
5838
9505
6145
2776
7357
4632
5946
5835
3062
2935
9916
6041
8858
2700
676
7106
7547
7193
1204
6346
894
8558
2569
2699
8537
7911
2886
7214
3120
4334
3082
4432
7135
3296
9750
4861
7474
9971
1598
4772
9754
1857
1195
3529
1411
1937
9646
8626
2990
4546
5298
3178
6383
8409
4061
9153
4576
4140
8831
2940
823
5812
5790
3477
9820
2076
2879
9534
8652
8918
995
1148
9086
971
4517
7453
54
2284
5500
4318
6303
7162
3781
6397
6595
6660
6962
2670
9568
1322
9794
7815
2917
4866
1538
8346
3584
6974
9983
6071
3653
4832
4342
542
8367
9944
5160
1268
6469
84
9691
4096
2023
9624
1138
6188
1898
1153
4144
6622
5080
5892
6388
9831
1276
5117
5958
3236
7429
2729
9317
673
1317
7933
9228
9961
6125
5631
6128
8815
8503
8749
3754
4423
3193
1844
176
7458
8228
7428
8260
2339
1595
6877
5818
6426
9262
9057
4320
9721
6748
290
5874
2978
3508
4581
6225
6716
3192
34
6139
9782
9076
6545
6104
1490
857
1133
896
7621
1550
6027
3881
8698
42
7253
5088
1478
3152
2029
3044
6573
7092
9249
109
4407
7400
1438
4125
9974
5398
3864
5404
7144
5663
22
4330
7142
4659
1564
594
9427
7475
5426
5515
2490
6304
3714
7433
1244
2629
3838
6959
2562
5742
8686
9400
8917
4666
6955
7368
7059
1823
4683
9939
9209
9141
3416
8972
650
8010
127
4028
7508
3709
5385
1940
657
4048
8352
2248
2986
7977
1045
4523
8213
4260
5476
2161
9420
3676
1901
1785
7488
8162
5880
2821
1069
3509
2573
7712
6002
6086
3317
6340
7978
2714
2546
2580
9609
1301
5975
8578
4194
3397
3557
6934
1930
1260
1306
4947
1661
9268
9530
4057
8599
9986
9994
6451
3270
4859
6412
1948
2123
6152
2665
3093
6551
178
8761
357
6470
9627
7218
7848
4957
3636
1381
8169
6356
1335
6619
38
1248
9408
7725
7996
6515
3145
3666
2332
8806
5459
7124
937
7202
7939
9539
9523
7096
497
4848
1804
8165
776
2182
8811
2238
5361
9973
5065
8317
3955
2406
7630
6879
7907
272
4156
6966
9202
6015
1266
3990
585
2598
6850
2255
3042
5708
3154
8489
1311
768
3851
53
5254
3530
5964
7259
9485
1315
9078
202
2386
1807
6809
2156
8122
6826
1659
5339
5012
1763
4893
8764
6575
4846
2472
9846
6261
1350
188
2754
4442
2992
7510
2186
336
7552
6709
9176
5648
9311
4709
6406
5504
7561
9350
4316
9859
7262
575
3393
5821
5596
4595
5712
9498
1541
3086
1029
4139
7546
5311
212
323
7500
1584
9979
9456
2005
6281
8773
9398
3138
5221
2837
5740
1388
6753
5128
2417
7545
4445
4740
985
153
7599
2501
364
7579
1208
2658
5427
7826
4176
5338
2922
1199
3762
9095
3135
9749
6807
2796
1893
1871
6477
5220
245
1693
9304
5265
6034
2928
1525
8188
4886
656
8870
2273
2786
7589
8087
7925
6513
3675
9610
501
123
4787
4102
3550
9324
5232
3628
8521
706
1916
5315
87
7204
6026
661
8390
7885
561
4810
8123
1310
440
3914
664
1489
5366
1400
1610
8268
7981
5256
7385
9161
7984
8032
5041
6825
162
8646
7377
5879
6249
4536
3400
2427
8683
672
7513
532
7777
3200
5684
5517
2147
2414
8554
2813
6338
7612
8860
5884
3406
6491
2989
5107
6196
2380
2164
836
5087
8995
7682
6774
2125
3563
6771
5999
5693
7069
5455
185
4109
7049
9252
2297
7752
7827
5113
1122
8604
8220
292
9520
3187
6059
8819
8410
4643
2533
8506
7126
4197
7830
5497
1639
9628
8439
6763
6407
9904
537
399
2747
1126
6387
4750
8388
4180
4845
4205
975
1621
4019
6035
3488
3498
4459
8293
3784
5945
733
3718
591
7068
1925
2656
4046
5302
4181
9355
1543
8247
4381
6916
1907
6881
2512
9651
2962
9656
1824
1056
9793
2473
4364
2034
8137
8696
4657
7305
5501
3116
4518
5055
4221
8640
1636
1435
121
4499
2958
3503
3999
3395
384
738
6623
7098
7298
6663
3255
4504
1011
1615
8368
900
5428
3783
9835
1215
6965
6420
1169
2685
1468
2790
3931
2645
9618
142
3069
5330
7398
2869
2913
4730
8419
2163
6787
5613
1507
4468
3088
5784
7388
9484
3035
9854
3243
4482
5912
1333
8417
8507
3845
4746
1674
4706
4803
2249
3927
6178
3497
9002
1229
7344
4301
4704
629
8821
8769
8963
5180
977
243
8288
1896
429
2690
7835
5574
3735
3157
3896
3149
829
7918
574
2520
1091
7701
4895
5930
4325
5723
2378
7334
9763
7799
1132
4590
182
6976
9724
1163
3010
8565
5643
1669
8414
286
6419
9661
1168
9232
1477
1656
8893
1419
2817
3810
9845
7207
3385
2742
9992
1245
3081
8320
9486
625
2001
4244
5625
108
2985
4713
9518
2691
2600
9411
8053
4434
6912
1493
5152
4235
6013
2391
697
8759
9803
4282
2021
1356
855
9617
949
5705
3061
8856
8375
3882
5352
382
7834
8493
6790
1243
4838
8258
2377
2018
6782
4668
3360
2565
5237
8768
7663
9206
1362
4470
5462
9997
6740
4501
4270
8328
927
4120
3577
9940
9895
8469
8043
2610
1979
9826
1082
8337
9303
5694
1998
8843
9998
349
4233
3541
3357
8688
8731
5082
6215
3165
9412
9162
6940
6840
884
8192
4681
458
134
5654
2531
7698
2677
4699
5058
8994
3096
3627
9022
1052
8175
1258
1025
9694
9218
4132
6169
540
5098
998
2119
5123
4983
3502
3844
8250
4612
4583
4363
4804
8864
773
3831
6408
9477
3246
8190
1035
9878
6272
6481
1250
8027
3170
2630
6676
6557
4811
2741
864
9905
4616
9701
3208
1313
5210
9864
3660
4069
4873
6847
8364
9181
9802
2949
9201
5748
9671
5147
3143
1645
2464
813
8187
4290
1809
4029
9147
1179
2719
4210
2482
8201
9919
2674
5198
5722
3115
1566
3690
1710
7245
7501
4387
3164
5644
8060
9511
5270
4058
9220
8983
2915
1789
5522
6871
1655
8846
1181
9224
9824
6075
1532
3548
9570
1679
5767
5618
3898
7478
1418
7744
7638
7812
2510
7180
4269
1515
7061
3862
808
4930
7038
1088
5594
6090
2476
9093
2012
1728
2061
9526
9036
779
764
5519
6144
3276
7443
1314
4454
4068
2812
6435
6735
149
739
7386
9118
3240
802
2515
500
5287
184
7889
9055
7008
2506
845
8836
4672
5593
7849
9033
518
7325
1853
5342
3802
4280
221
4739
5239
7755
9088
5931
4679
3614
1958
9103
1547
9479
5485
4614
2174
3727
4247
1288
1417
1756
5027
1439
6431
5685
3911
9059
8176
7066
8323
313
7901
7633
9032
6636
3634
9027
5323
2541
6400
8126
4370
7452
8217
4480
994
6814
3431
2368
5209
2105
4973
3419
4027
9807
9343
4808
8736
1929
4016
7314
9471
8038
6739
4390
4315
8406
1079
4405
5649
3190
3103
5416
6167
556
6404
766
9545
9223
8678
2234
3028
5053
2224
4537
6894
5227
6605
4969
6784
9087
6948
8216
5932
5692
2207
4081
1173
6810
9737
3591
8547
3191
4276
7584
3231
2279
2963
9867
2537
5612
2214
5978
2294
3790
2522
8431
8041
3908
8300
4991
3059
8529
4020
8039
4067
1108
1889
1467
2682
4997
5751
557
1919
1567
670
378
6862
1147
6878
3593
9099
7229
2965
3788
1183
3148
5917
3104
5136
5819
498
5533
7994
8181
983
4045
2230
2516
7715
4103
951
919
9874
3119
7909
6062
6780
693
8347
2439
7967
8772
9221
2243
1137
8161
8425
3576
5715
3604
8510
1992
6505
1369
3316
3023
1458
3204
3293
9464
8437
570
873
8517
3701
5808
4354
4217
6749
9959
5675
4227
3394
9550
5514
9186
3600
9742
6454
8548
700
5763
8316
1325
2499
4303
9336
8248
1732
956
8022
2103
5509
4130
3985
1511
7105
3665
2549
9234
9553
9761
8956
5555
2136
1733
1337
1210
1299
4563
9966
8433
9773
4360
9760
3606
3449
9658
4705
2856
1697
1684
5185
9039
6677
9536
2408
5772
5894
1845
9577
3873
5623
1061
1758
420
3134
1488
1631
4725
882
686
8512
8129
1352
9841
2961
7556
2475
8329
1734
4929
5793
6358
1014
1165
948
3946
9363
5422
7724
194
4716
5554
3486
7585
353
578
6045
6908
8837
5452
742
4603
6971
9542
5550
4077
941
7920
9430
6625
7434
9933
5331
4229
9561
7572
3273
616
6785
3005
2751
5679
1395
3912
4331
7685
9433
6777
4779
9615
6274
4383
7337
413
3930
3877
7877
4496
9494
1904
106
912
7747
9316
8177
5528
5877
3534
7559
487
342
296
8096
7156
3888
1111
251
1970
3736
6210
75
4398
1063
7436
9935
5595
6489
9084
3893
129
1231
4025
4510
8895
1341
1722
2264
7118
4286
490
6854
740
4195
62
3361
3090
6816
7636
8545
4722
8929
7189
3485
1241
6270
9142
4272
4809
8888
1956
6240
1150
1141
4979
9897
732
6391
3797
2305
3162
8658
3983
3261
9522
1946
6701
5543
6858
5864
1371
7522
1089
473
3747
4919
4443
9816
9331
2897
8869
3158
3979
246
4037
1237
8824
8797
4126
7502
1174
9843
9566
6324
4066
2899
3700
5710
383
3080
1539
2360
6427
3311
2470
3430
7348
5477
4708
5908
6129
9198
6083
385
4256
3699
8386
4328
2967
9756
7656
3133
8494
9403
9932
7112
590
6643
9509
4924
1087
9046
5759
4091
8280
1700
7850
2733
7788
8088
3305
9676
2753
1044
4493
119
1102
4593
1917
7449
4165
8859
32
4778
4088
1949
2688
2909
1953
1114
6609
8905
9396
677
1462
5897
6438
746
4711
2217
7891
261
9124
9379
1975
5863
6773
754
7360
457
7219
9567
1408
2166
7764
3051
7806
3019
8909
5148
464
2321
4215
3830
7586
5911
4793
7962
8069
3571
3575
1877
2592
636
8835
3439
2268
3939
3626
9180
4748
8309
2106
2436
898
2803
5106
1500
8948
1494
9157
7754
2881
654
408
5660
1863
5275
9301
8040
8191
2432
9914
7244
9284
8005
8991
1198
5446
8802
5588
6172
3436
8486
3846
3329
9607
1546
5290
405
9669
3239
8653
4319
8400
3071
9945
3712
9369
8967
2571
1427
4744
8800
3685
4526
9329
3776
9865
8475
3991
8360
9549
356
9552
6776
751
5029
52
8728
9712
5296
2614
6108
6829
4307
8992
9943
932
288
7838
7809
4408
9510
8383
9595
4439
203
1267
3680
7597
6179
4897
9193
6434
4382
4394
8499
691
7030
4948
5573
3843
1454
3401
3909
4870
7026
5284
6468
8132
8319
2083
7816
5642
4538
3558
3066
8720
9243
6734
2324
2799
1959
6830
8611
8524
7005
1944
1297
3383
1652
828
5850
5867
5372
6445
9705
9889
2280
3155
3884
9830
7323
3678
8977
7528
8541
9860
9677
7600
6783
9030
687
9021
5234
4621
4271
1622
7813
8586
5466
2527
8016
3034
8778
8252
1990
3175
8630
8377
6606
5076
5592
5825
9117
9675
322
6967
5764
361
4831
358
428
7322
2108
273
9726
9347
9985
7965
8826
4138
9650
5104
2327
534
6187
3607
6550
2425
1495
2832
7467
8707
1762
2079
402
7054
3402
3787
5499
4545
5802
4724
9102
805
4366
1704
8988
4175
4720
6331
8047
3398
8623
5966
4302
9654
9344
4160
8222
4507
4218
8779
7236
4965
6552
9472
7942
7328
6296
7292
9648
9774
4117
7949
6644
2846
9690
2494
7371
9659
4686
7674
4564
6064
5460
4495
9844
1118
6072
8950
6433
3408
3242
4346
4527
6765
5806
1015
6337
5621
1802
6398
308
558
6722
9443
3262
9740
1923
7233
9827
1058
696
6287
230
6538
1234
6357
5062
1555
7533
9062
2008
9538
2090
6913
2118
2337
7622
2148
4789
2127
7810
6811
340
7551
2412
8828
9853
29
4279
294
1062
2839
4760
96
9922
6995
8474
7681
4945
7444
1012
8540
3772
6738
1420
5068
4384
3377
135
6503
7844
354
2355
174
4032
2877
7987
5887
6983
6507
7471
5145
8044
2834
1232
1665
2606
2623
3564
7690
2231
434
4146
3180
9500
444
1717
9642
239
4575
3836
3468
4078
4661
6000
302
9698
555
8025
8666
608
424
4153
869
2847
4106
5827
8407
8062
7665
8279
3833
771
8119
1560
8629
338
7734
8694
3523
1994
8392
7340
4596
8960
8559
4715
3499
1799
6036
6134
8535
1226
8639
7900
7884
6553
7281
8532
1663
6714
41
8642
684
4717
5324
8861
1320
527
2904
3411
183
3943
4070
9113
4817
1403
2419
1470
6084
3756
5174
9207
4409
2951
1303
2155
1289
6430
7648
8103
1927
8112
151
9461
5202
6910
758
7460
9272
717
1440
1506
7845
2158
9100
6754
6216
6319
5344
2358
2316
9266
1810
5340
6255
9605
2340
1627
6853
2189
4172
4047
6436
6846
1850
5182
7728
6311
6308
1235
7858
9138
2175
793
4878
8804
5538
1934
4326
9460
3639
5795
5411
509
8592
1334
5218
1282
6248
1136
3275
3272
6080
9189
6290
2582
7120
6293
7390
9679
4579
3309
2960
7201
2509
7811
284
8269
8853
2936
1726
2734
5217
1040
3527
7290
9930
2204
5435
9449
7660
9245
7998
3085
9151
6960
143
9385
2781
1372
3097
5786
8111
8919
9240
4752
9955
3995
2287
3012
2024
2185
4993
1055
763
4935
1110
2964
7868
8459
8064
7776
3827
1770
5461
2428
4161
9208
3076
2957
6681
2449
4928
2407
2450
6321
2955
7587
2468
244
9644
2078
5489
427
9560
6008
8427
3778
7057
5981
262
6070
8915
7915
367
6906
9709
5610
4015
5873
1617
9435
4105
2910
707
2905
8253
2861
8276
3195
9575
9616
9426
856
3730
4765
9444
3238
9028
945
1345
8681
8051
439
8019
2930
3703
4764
8152
8467
7282
1633
7032
1808
1073
9063
2627
3328
1519
2977
5886
3427
2539
1003
3549
6014
4033
8622
2395
2838
831
4299
2460
7863
5179
5799
2825
2783
1142
6602
8741
6048
7350
8343
1537
9977
5233
6518
923
2596
9480
1007
2235
5097
9956
4466
6038
4295
3021
8196
2092
9559
3589
2660
7168
3801
5283
6928
1434
1413
5688
5706
1059
621
7867
6410
4995
2912
3749
236
5868
2900
3816
7174
310
9345
888
2434
5530
6218
4452
3694
4633
6835
5060
5777
7791
2013
3314
7149
1867
9152
942
7203
4460
3371
9135
9732
7222
5919
5503
5295
316
8968
3512
1017
7132
2098
6421
1085
549
8294
4676
4876
4923
6256
6864
5171
5729
4860
4313
9965
4682
4592
1649
422
9229
7116
3107
16
343
9769
4241
5125
8003
879
2808
8070
7781
5967
2706
8552
1954
46
2819
4391
7145
6456
2492
2361
8812
6989
3938
8164
716
9861
5070
8724
8955
3111
9780
9017
1721
4491
5351
680
1145
1973
3942
5984
7091
7427
7606
8792
6572
6859
8820
6197
2866
5906
8572
6820
5673
9137
4349
7979
6482
7447
7332
3332
2154
9292
8887
1578
8781
9528
3994
4663
5430
637
9050
5115
3891
1067
8452
3633
6298
4041
2844
2604
858
3608
1090
2661
4415
3733
1701
7544
4216
649
6418
7211
3976
6115
3519
1106
9111
8670
6970
9739
9357
4662
6069
2359
6875
112
2898
2710
1084
1892
7088
5093
148
4082
8237
6560
3168
2101
7506
7117
8663
6744
9071
6629
1781
256
5022
3883
1436
1437
264
2454
6516
435
8091
8303
4168
27
1277
1644
9440
6403
6432
3692
6301
4974
7240
6534
550
1974
6937
4855
5668
3869
5606
2131
876
3953
6487
4264
5943
6232
4419
4615
1703
8938
5273
5418
7343
9298
3734
8654
9788
9037
8127
5753
3226
8229
3532
5483
8834
7950
6485
6984
8171
6804
8271
4654
4796
6213
7164
1945
1006
8130
7086
9787
727
4133
2044
1604
7110
8927
2683
3560
3139
2325
3826
938
6057
8980
7659
9880
1771
2923
7205
6381
2257
3728
9029
2062
3637
7761
9482
9925
8937
5129
1048
2411
8900
5413
9107
2999
9562
5175
3789
2659
8365
1349
6594
9850
1613
7021
7514
8881
543
8490
952
227
6855
3322
6704
2726
6684
9294
4340
1587
1698
6599
7431
7623
3741
8997
3186
4114
2695
3109
3390
7985
7531
511
7209
4898
8986
9714
2170
3516
5130
6042
1876
6203
8011
7056
7775
3567
5567
6717
3014
2870
5040
8684
5734
2073
483
7302
5096
8327
5266
1516
2486
9001
2075
9837
551
2841
3620
996
5769
2010
8863
4098
8942
496
5843
5008
8874
4314
796
5403
9283
206
2375
997
885
1529
1328
196
5047
249
7141
7002
5280
6449
1695
9389
5114
7529
9348
579
7341
4625
8539
1209
8867
1795
2511
1712
913
4931
3020
2007
7200
2022
9678
7616
624
7050
4837
3821
293
1046
6329
1432
2370
4155
5655
9887
1070
8159
880
5858
2687
7081
862
8674
2969
5482
4351
5589
7839
9098
963
2717
9752
4557
6227
3277
587
3956
6849
3858
6160
2745
7410
8061
5156
8450
4889
9034
1730
6950
3813
8289
5645
1629
7019
1302
2827
7483
9244
2680
729
3688
8442
3235
1182
9187
5820
9308
2507
6155
1264
3067
943
6793
4631
3615
3807
5154
8722
3137
6544
4736
7862
8143
1050
976
6901
2824
9462
4374
9128
6861
2298
7075
3110
688
9501
5188
7878
3853
1581
9926
7169
4638
7121
6097
2758
1542
6977
8211
5337
4637
6001
4981
4255
6631
8993
8275
502
3087
4262
255
5474
8242
5189
999
4905
3259
9011
268
8877
9096
5468
5341
5947
990
345
2157
4467
715
7740
2932
5157
1910
8794
6018
9305
7231
5238
6819
9537
3528
1514
9455
6897
1331
5105
4090
5717
7194
6277
3623
8215
5289
2381
5586
2578
6939
2820
252
2860
7549
8544
8085
4626
7333
7440
3196
1033
8436
2793
2107
3347
9199
9139
5144
6863
6695
7206
5672
1551
735
8934
9981
4100
3160
4620
2197
7067
9288
2574
6235
6736
982
8872
4652
2452
1677
2379
2471
2926
7039
3834
7578
9000
6219
4674
4312
5731
8755
7609
3906
7367
4982
3824
8750
1057
8341
9719
5379
2229
6484
1985
8910
8788
9048
7308
4721
195
3766
8492
6148
2275
8969
840
1343
5013
1294
3413
2025
6330
3197
2346
7246
3223
8456
9596
9333
5959
4017
1761
8952
4560
6760
4097
6282
6778
5529
4784
2622
44
7828
3517
9747
7459
2068
9619
4239
6569
3053
8101
9447
3624
6105
875
2401
2171
2191
7165
7624
3147
8589
5957
5
2169
47
4424
9868
9263
8981
2778
485
391
161
4521
8361
9225
8542
8631
9313
7492
6647
4570
9531
1485
9319
9614
3916
2113
4059
8879
581
4665
7934
5380
7133
5429
8498
3933
6112
9260
3520
4677
4049
5079
6532
2049
7416
3264
7832
5438
9928
9254
5240
7610
9023
2342
3171
1212
2392
6986
8259
6751
451
5246
2128
2016
329
1839
9866
2319
6852
2735
5535
3458
9213
9877
8142
9277
1951
5451
3417
7538
7783
2739
9065
5905
2373
8546
2442
6285
65
8197
6342
28
6889
6589
4989
1149
2065
4166
2226
5721
5465
4617
9327
1549
3894
3391
3932
3330
2619
1565
7498
247
6326
9183
1976
5384
6896
3961
9195
8505
3443
4574
2593
5907
8463
3281
3878
2247
8295
3174
8116
6576
6366
5153
5637
6276
7448
6857
6088
9606
410
1660
2310
5050
6742
4971
4484
2608
366
8641
8226
4701
35
5494
9354
1428
9362
30
3403
9376
8531
7023
9273
7063
217
1486
7437
6563
3706
3478
4123
8184
7062
1777
787
6611
312
8155
6221
1559
7090
3118
39
2850
6764
5121
3840
7491
1786
6044
3179
1176
8944
9148
8765
1200
5091
8398
3344
2895
2620
13
870
3738
2709
8145
2874
1071
5025
3973
785
2394
432
5028
960
2966
1109
1351
8384
841
7352
9174
3132
7485
9556
6052
3664
6243
4008
8007
5845
8978
7919
8782
3641
6367
8727
5862
4839
8798
5164
4896
2722
317
5236
4026
421
955
5815
6601
2487
2669
1447
1534
4335
3717
3308
904
7037
1962
3768
5689
4533
7127
8816
1281
7875
6907
1207
5134
4604
4486
678
1776
67
2056
4743
778
7439
7197
4691
138
4145
409
9171
3595
1843
5391
9993
113
9322
3910
2271
88
9795
7442
6113
2437
7757
2853
589
8553
2160
8740
4539
4502
8525
3247
3929
253
1016
4116
5939
3414
7527
5116
2567
2201
6278
2921
3125
5506
9041
917
9879
1505
814
4554
4332
6385
6499
745
8808
6475
867
7151
6354
1601
1885
9005
210
7138
6417
803
3947
1156
9259
3169
6003
9775
5085
7677
2721
859
3605
7279
7899
3556
1750
484
1019
7489
7210
3367
157
2873
8243
7226
2124
4941
7079
5770
9673
934
4456
9424
3752
4071
2953
8530
5319
8608
6107
8454
3166
2543
3682
4131
7855
8752
181
4599
234
7223
4214
9269
620
6866
4300
6472
9282
9838
6076
5548
9300
9
5194
5920
5822
2026
8466
737
9525
8487
9755
2938
3857
1202
7042
450
1491
9353
8232
731
8687
2681
1391
6769
6182
7793
8285
8516
1996
7273
8924
5971
9191
3594
854
4843
623
8609
9299
2474
4489
4799
722
5638
5453
6127
3075
4710
6824
4829
6524
5223
1591
3661
2615
4141
9554
3211
9361
2555
5743
5011
3841
1576
3453
3753
3815
8299
8587
5792
4343
6630
658
4448
6201
2785
1716
3988
2095
481
2613
6874
4890
2009
2805
6610
5110
9910
3353
4376
2311
5457
4857
8776
4685
4972
5206
9279
5005
5566
7749
7014
8583
5135
4220
3374
1383
314
908
6678
3867
5534
4036
5318
3839
8205
2498
5513
5523
2789
7958
334
2058
7861
9215
7929
6464
1273
3950
1933
5537
8971
9604
2304
5678
3376
6168
3444
2431
1862
5137
2433
8057
825
3578
271
6566
6389
5464
2779
3671
2376
7825
9741
8965
5074
3677
2313
1735
6494
1635
1688
4494
5724
9894
6006
5591
5285
7670
9156
8030
9104
8543
7653
3291
7598
9337
7157
6917
1754
6508
2777
4675
1737
897
562
1614
5579
9115
9636
7876
9045
8482
6328
921
4824
4399
7959
1032
7396
3423
9255
2258
1039
6911
3501
2946
7841
5816
2639
260
8576
2605
8513
9791
6396
8849
4477
6613
8114
5126
9414
8387
1724
2165
5245
4178
7643
5305
4690
8697
2983
2366
2043
3842
9175
2929
9507
6334
5870
8438
2011
8351
6517
9289
1304
4200
8223
6608
3144
1104
6245
892
4714
8822
8961
4506
6822
9356
7581
3112
4934
3755
306
4023
5735
7375
1779
5248
2006
5598
6185
7697
6521
63
6999
9949
3283
5950
2244
6837
2420
2027
1355
958
8500
606
107
1852
7817
6341
6541
4970
6651
8214
3996
5632
953
7518
3379
2675
6851
7797
6920
8590
7256
5073
4879
6693
3761
5608
7941
7372
7087
7672
1034
2315
1474
8324
3068
1557
5036
1298
6992
7036
3514
7735
6979
4802
9212
7020
9766
8770
4958
5249
7384
1184
2894
4471
9695
3284
3643
2791
1570
8850
1909
415
7666
8013
4191
8744
8575
7071
2823
2139
3814
9265
1481
1588
9248
198
2237
190
1918
8396
5019
667
4733
445
147
6037
5823
7278
6755
1027
4450
5737
5766
6565
2500
1285
8086
3551
6699
2457
4822
3198
6924
1605
2246
5345
6343
3366
9818
8767
9884
3543
5336
8008
9069
3268
653
9390
503
4113
4198
9856
8636
9381
5488
2631
3897
8857
8140
8660
8557
5026
4916
4684
6138
8059
3782
8518
9042
4645
7856
2296
7874
3495
1825
3241
6103
5282
8244
5531
4135
8077
3796
7702
4794
4074
9785
8619
5258
8150
7378
3050
8050
8689
2198
6510
2508
26
2563
1836
2307
2443
901
8121
8716
1868
5925
6258
6275
2769
4726
6455
8650
4619
7897
1487
5231
5904
5983
7976
6327
2469
4258
6994
5219
7275
60
5551
2363
5394
2071
8680
9233
5140
9120
7074
6473
2557
1284
2862
417
5755
4943
7983
1513
6352
5622
8397
2178
4942
2187
989
3918
186
9620
4000
6413
1861
5054
759
4907
8777
2554
2344
1444
7234
3136
755
7280
2114
4402
7945
4063
3525
935
7890
3101
3016
6949
404
8679
2883
866
5898
1293
9980
1066
4251
9445
4754
7540
5527
2241
6502
187
7966
3159
9469
3905
3336
1947
131
3173
4404
9921
4511
9667
2730
6929
1278
5985
1367
9458
4158
5450
9564
967
2088
8704
4801
6890
7170
5944
1851
7990
9937
6529
9748
7361
5003
4469
7927
8118
9585
9080
7866
4580
5392
9706
6718
5890
1064
5803
9516
8054
4040
9276
4534
6932
7772
5306
9434
238
2942
1053
3819
4888
2440
1422
8079
8408
7128
4597
2676
299
1678
3207
1463
665
7999
1123
6476
8393
2698
2130
2646
7794
3849
2651
8871
5322
7154
7980
8287
9898
9875
577
5436
3542
582
2173
6562
3798
2232
8009
7553
7172
8110
6548
5611
3805
1272
7469
6770
2559
2587
8774
1251
6876
3569
4791
9359
4841
1290
89
4742
7232
4869
546
9318
5373
137
2430
5903
6743
4910
8206
8185
6691
6745
978
3715
4587
6164
401
2671
2845
6442
2202
5370
2132
287
7392
5700
433
566
8847
9655
8567
6690
777
5855
9683
9718
6382
4968
9640
8964
8399
9634
7770
8160
5614
4862
9653
9771
8194
5400
7293
1573
5051
613
2046
5805
6672
2752
5923
4586
886
5854
2579
517
9094
8690
7327
8538
588
3500
6856
95
7688
8326
8104
2770
8706
5662
7564
2236
9631
6228
8852
4609
2611
5954
2959
3590
1271
3011
471
3072
6715
9418
9143
5478
3640
4336
5634
6061
4203
9517
7401
2703
6051
5785
5575
4249
8753
1632
1849
968
9149
7480
2684
8598
1252
8508
3892
4568
964
7852
6801
592
8669
4277
1837
6713
5787
3695
4159
2524
5072
7769
8868
1430
8842
1405
2906
5861
4310
8880
6063
258
4392
5656
1387
9079
7936
9572
2308
8345
5646
6927
5893
7405
4122
5916
2109
724
4253
4513
6
3962
266
8318
3460
6004
9692
5882
7737
1261
4894
3176
936
6832
8921
8923
7450
4906
8296
9612
2084
9004
3245
4124
7456
1662
9872
7707
4087
1127
4062
4547
7304
8818
8245
1227
1806
4987
2638
5572
7886
980
8945
505
9056
3647
5415
5162
3890
878
8901
1098
8020
4542
1518
2353
2129
1915
9586
7691
1130
6536
324
5752
3209
4922
8577
386
4825
4994
6727
4600
5414
7481
3924
6944
3967
7255
51
8001
7916
4232
1092
72
1597
8448
4688
3683
8219
9441
1897
7188
7644
1499
872
4458
9681
5811
3975
3697
6058
7808
3369
9571
523
9863
4833
6019
7035
3289
5601
9686
3382
9892
5407
8106
4966
7798
2212
6961
1022
5891
6493
4481
781
6286
2263
8135
7072
7535
8573
1445
1095
6450
5869
9439
5454
5439
9890
9417
4629
2843
1980
9360
3473
6893
4820
8561
9081
3
1987
6626
5940
4007
3095
5286
9815
4541
9900
8472
9663
9014
7684
1577
2849
8966
8310
6384
443
4230
5970
1691
3764
2713
7336
824
9825
5837
1706
1935
520
1999
7563
4129
5788
2096
1097
2477
5521
9546
6465
9270
4372
1068
3220
8536
7922
6886
6935
8108
3870
6925
3642
7631
479
9886
7745
9003
8174
425
8097
8045
4018
9407
175
5030
7134
6509
6921
9217
3056
9948
5252
7051
9230
132
1902
3265
9454
9226
9728
7883
6150
3854
8612
9725
4050
2176
2059
2282
3251
7935
847
8701
4694
9688
7675
61
4528
387
5720
5921
7595
2868
3693
6460
8882
6564
907
991
8953
7046
2496
3285
5350
940
2840
3828
5546
477
1329
4624
3887
8745
863
8212
5564
5496
8117
9547
6363
1279
3131
8093
8395
5733
7787
3248
9899
9848
5791
4962
7649
7354
7912
8240
3889
2456
1908
3648
6568
6374
5810
7242
1191
3658
4275
2318
3621
3274
1346
984
8627
7248
1187
1453
2518
4431
476
8621
5948
1492
8615
5243
6007
4598
2538
9975
5263
9323
8743
6110
7703
4177
775
232
1247
3940
2085
8418
6720
15
3212
728
8783
7903
4561
2188
7692
2301
3013
515
3989
5744
9488
9257
4834
7730
6694
6637
8262
3723
1257
1586
240
4915
5493
1242
114
6591
4887
1751
1805
7208
9188
8509
1723
3002
5629
6656
9416
4844
2162
8257
3907
43
7795
741
7853
5776
9380
274
5159
7568
2404
7668
5458
4777
4211
6143
4386
8389
9753
5362
4926
6091
49
6845
6590
4296
9253
1580
2351
8136
9421
7356
9941
8158
9172
6359
8151
59
3811
6467
1603
3739
5440
2093
1860
4853
8024
4695
6124
7944
2702
1465
78
2039
6634
2589
9346
2111
8471
3009
6818
7335
5442
736
3122
6659
8233
2493
2014
9328
208
2544
5101
924
6183
7667
5405
5719
74
7199
902
2625
4960
8862
6675
748
3315
9074
4903
3334
6333
8801
4937
1521
8710
9970
3562
8445
1981
9704
3396
6642
6800
7963
1520
5895
8796
6294
6132
4476
4548
8504
9911
8477
3194
7387
55
2855
4610
4780
4830
3004
283
8746
7122
6887
430
5929
1643
8829
8933
1675
1528
1599
7249
4157
1509
8648
321
1406
9130
64
8591
4728
1357
545
4134
9840
9800
6242
7414
3260
5974
3421
7108
7748
3237
7523
3748
9043
270
6558
1446
2250
465
5875
5913
8898
2485
5780
4357
8330
7464
4812
4693
79
4003
9630
8428
325
9285
1648
6514
453
7107
3335
6222
6237
5814
1409
4723
1739
8133
7879
928
8415
452
3381
1457
8292
1828
9024
8457
1736
5376
4400
2633
259
332
4226
525
5833
165
2347
4858
5973
7519
4112
6600
1424
3613
5627
3459
3745
6102
4773
1783
7536
5397
3370
6411
3343
8662
7421
8304
1879
1784
8186
8522
5235
4322
3684
6117
1705
4639
7873
7369
6958
6579
2343
2517
8441
7451
3554
2181
3545
3770
6089
3407
8305
9264
3492
7910
5507
122
9061
5989
344
9978
2809
8985
2890
1287
5002
7033
9330
8784
5264
1188
1982
5664
4207
6446
3363
8607
4324
925
5364
1911
8089
9495
3705
7871
10000
9598
8336
6239
6393
7778
6848
2542
8738
9438
4055
9214
627
7632
7743
9375
9364
3713
3978
7709
7651
6151
6402
9372
4881
6206
7792
630
17
8359
2331
3960
5309
5532
8940
8751
5936
4167
3974
6297
6082
1864
6017
7588
7829
3351
5910
5353
1479
5883
6632
3922
5434
2550
8793
1140
4999
8207
7093
6022
1670
7338
1384
4283
5703
7650
9038
2149
2374
5876
8076
3504
7182
4368
8939
4936
6345
4252
130
4446
2916
4751
1112
7548
4856
7078
328
662
9352
1407
3603
375
8356
5260
4323
2768
3786
4727
5410
5390
9792
9422
3105
4084
3025
4774
4170
6461
5467
4524
7426
2586
9817
6085
4137
1630
721
9858
7190
4463
9521
6685
6217
7751
3203
7957
1105
6092
1450
615
456
3106
9049
6618
3596
7267
5604
6012
8099
1568
4001
3471
6271
506
6458
4601
3952
37
521
9010
8671
4792
7517
193
4121
6263
5294
1787
4389
4653
350
7843
362
2193
9632
3751
6596
3306
8322
4852
7530
8726
9504
5677
8344
1818
24
1553
2564
8420
5562
211
228
2831
3114
8975
2973
769
2455
1714
4485
2775
9621
9072
7619
2887
5203
4371
6162
852
300
478
8167
1899
3725
8473
6291
3635
5166
1965
3151
1121
2998
3663
8090
6698
6658
7462
4512
7237
9388
1986
9129
8278
2833
5866
5778
5447
2655
9717
1399
1963
1096
2341
9672
8848
8026
7575
5492
2982
9589
4520
9410
7614
837
2329
1702
9891
5725
7499
6581
8353
4689
8460
125
7738
3349
2206
9519
2210
4380
5470
4967
330
9089
1456
1312
8851
163
3295
233
6099
1309
3038
6741
8362
8224
1049
5865
6231
1966
6580
3900
7183
5797
8596
9842
7558
4975
652
6757
2239
544
8922
7640
8949
480
4759
7765
7943
7641
2458
7767
381
3673
6527
2015
2505
6379
9849
9246
7721
8332
9915
6313
5484
7289
7423
9623
1496
5842
5991
7693
3570
5508
8497
1764
3903
6775
2086
5750
7741
2859
5369
4056
5444
3771
915
1502
4756
1154
4375
8366
2099
5857
3092
3378
6530
1214
3280
5356
5122
6522
6497
4755